5
tankMove
0 91	72	50	45
tankIdle
0 91      72      50      45
1 298      78      71      38
2 525      78      73      37
3 772      40      57      75
4 1011      40      47      76
5 1235      41      47      76
6 1460      41      47      76
7 1678      42      47      76
tankFire
0 97     188      51      45
1 325     187      51      46
2 510     176     126      58
3 731     160     127      73
4 984     154      95      80
tankStay
0 80     415      74      45
1 312     417      71      46
2 543     415      69      45
3 772     417      75      44
4 1000     416      70      45
5 1233     417      71      44
6 1465     415      69      45
tankLose
0 113     649      43      68
1 340     656      45      64
2 574     607      42      111
3 805     606      42      116
4 1039     599      42      120
5 1270     598      44      124
6 1496     593      49      125
7 94     820      68      138
8 330     820      61      139
9 567     807      50     153
10 793     817      61     142
11 1032     816      48     144
12 1262     816      50     145
13 1493     806      50     155
14 104    1039      50     145
15 337    1039      48     146
16 570    1048      48      137
17 800    1044      50      142
18 1030    1064      50      126
19 1230    1082      95      106
20 1470    1085      82      61
21 93    1321      63      53
22 318    1319      71      57
23 550    1317      67      59
24 781    1320      71      57
25 1014    1318      67      59
26 1242    1321      71      57
27 1477    1320      65      59
28 87    1544      71      57
29 313    1542      62      59
30 539    1542      71      57
31 771    1540      62      59
32 997    1543      71      57
33 1234    1541      62      59
END