5
tankMove
0 91	72	50	45
tankIdle
0 91      72      50      45
1 298      78      71      38
2 525      78      73      37
3 772      40      57      75
4 1011      40      47      76
5 1235      41      47      76
6 1460      41      47      76
7 1678      42      47      76
tankFire
0 97     188      51      45
1 325     187      51      46
2 510     176     126      58
3 731     160     127      73
4 984     154      95      80
tankStay
0 80     415      74      45
1 312     417      71      46
2 543     415      69      45
3 772     417      75      44
4 1000     416      70      45
5 1233     417      71      44
6 1465     415      69      45
tankLose
0 113     649      43      38
1 340     656      45      34
2 574     607      42      81
3 805     606      42      86
4 1039     599      42      90
5 1270     598      44      94
6 1496     593      49      95
7 94     820      68      98
8 330     820      61      99
9 567     807      50     113
10 793     817      61     102
11 1032     816      48     104
12 1262     816      50     105
13 1493     806      50     115
14 104    1039      50     105
15 337    1039      48     106
16 570    1048      48      97
17 800    1050      50      96
18 1030    1064      50      86
19 1230    1082      95      66
20 1470    1085      82      61
21 93    1321      63      53
22 318    1319      71      57
23 553    1317      62      59
24 781    1320      71      57
25 1017    1318      62      59
26 1242    1321      71      57
27 1480     132      62      59
28 87    1544      71      57
29 313    1542      62      59
30 539    1542      71      57
31 771    1540      62      59
32 997    1543      71      57
33 1234    1541      62      59
END